2.500000000000000000e+02	0.000000000000000000e+00
2.650000000000000000e+02	0.000000000000000000e+00
2.745000000000000000e+02	8.535362588853619842e-03
2.795000000000000000e+02	1.696582873617693069e-02
2.845000000000000000e+02	3.448309126005354858e-02
2.895000000000000000e+02	5.855989103438753035e-02
2.945000000000000000e+02	8.445954214854670128e-02
2.995000000000000000e+02	1.147960262880385468e-01
3.000000000000000000e+02	5.868873930000000072e-02
3.050000000000000000e+02	1.314459312000000046e-01
3.100000000000000000e+02	1.801499030000000001e-01
3.150000000000000000e+02	2.026832594000000098e-01
3.200000000000000000e+02	2.179557610000000256e-01
3.250000000000000000e+02	2.289496383999999884e-01
3.300000000000000000e+02	2.382529784000000095e-01
3.350000000000000000e+02	2.463632555999999973e-01
3.400000000000000000e+02	2.485680946000000113e-01
3.450000000000000000e+02	2.519699250999999918e-01
3.500000000000000000e+02	2.524644567000000062e-01
3.550000000000000000e+02	2.518570328999999997e-01
3.600000000000000000e+02	2.531971593000000298e-01
3.650000000000000000e+02	2.541881451999999930e-01
3.700000000000000000e+02	2.573937183000000184e-01
3.750000000000000000e+02	2.609202071000000234e-01
3.800000000000000000e+02	2.651090737999999836e-01
3.850000000000000000e+02	2.660149264000000180e-01
3.900000000000000000e+02	2.663275538000000053e-01
3.950000000000000000e+02	2.673466498000000025e-01
4.000000000000000000e+02	2.662478730999999765e-01
4.050000000000000000e+02	2.661923169000000033e-01
4.100000000000000000e+02	2.654633465999999831e-01
4.150000000000000000e+02	2.642127488000000080e-01
4.200000000000000000e+02	2.624615463000000148e-01
4.250000000000000000e+02	2.609334850000000205e-01
4.300000000000000000e+02	2.584124816999999741e-01
4.350000000000000000e+02	2.553772489000000201e-01
4.400000000000000000e+02	2.524497055999999628e-01
4.450000000000000000e+02	2.486708374999999915e-01
4.500000000000000000e+02	2.443077137999999926e-01
4.550000000000000000e+02	2.401930793000000008e-01
4.600000000000000000e+02	2.342511760000000054e-01
4.650000000000000000e+02	2.272251305000000110e-01
4.700000000000000000e+02	2.199849926999999927e-01
4.750000000000000000e+02	2.139053326000000255e-01
4.800000000000000000e+02	2.066183498999999979e-01
4.850000000000000000e+02	1.997309503999999958e-01
4.900000000000000000e+02	1.935704860999999943e-01
4.950000000000000000e+02	1.885158225999999937e-01
5.000000000000000000e+02	1.840616569999999896e-01
5.050000000000000000e+02	1.792727299999999913e-01
5.100000000000000000e+02	1.746970646999999877e-01
5.150000000000000000e+02	1.690061897000000035e-01
5.200000000000000000e+02	1.613042781000000037e-01
5.250000000000000000e+02	1.502464735000000051e-01
5.300000000000000000e+02	1.363191967999999865e-01
5.350000000000000000e+02	1.215004157000000029e-01
5.400000000000000000e+02	1.072908651000000074e-01
5.450000000000000000e+02	9.554827709999999530e-02
5.500000000000000000e+02	8.649815300000000817e-02
5.550000000000000000e+02	7.925414849999999622e-02
5.600000000000000000e+02	7.326651990000000725e-02
5.650000000000000000e+02	6.819931849999999462e-02
5.700000000000000000e+02	6.330413449999999775e-02
5.750000000000000000e+02	5.864707479999999723e-02
5.800000000000000000e+02	5.416010810000000675e-02
5.850000000000000000e+02	4.940633759999999569e-02
5.900000000000000000e+02	4.501595690000000094e-02
5.950000000000000000e+02	4.042057179999999916e-02
6.000000000000000000e+02	3.606585749999999951e-02
6.050000000000000000e+02	3.187427660000000107e-02
6.100000000000000000e+02	2.783083770000000304e-02
6.150000000000000000e+02	2.420056300000000132e-02
6.200000000000000000e+02	2.064981690000000300e-02
6.250000000000000000e+02	1.766952859999999792e-02
6.300000000000000000e+02	1.438442359999999969e-02
6.350000000000000000e+02	1.171129750000000046e-02
6.400000000000000000e+02	9.691055199999999703e-03
6.450000000000000000e+02	7.734189199999999889e-03
6.500000000000000000e+02	6.157605800000000296e-03
6.550000000000000000e+02	4.646608999999999462e-03
6.600000000000000000e+02	3.573831399999999672e-03
6.650000000000000000e+02	2.874997399999999932e-03
6.700000000000000000e+02	2.003960599999999714e-03
6.750000000000000000e+02	1.398670599999999849e-03
